49
50
83
84
85
86
87
88
89
90
91
92
93
94
95
96
97
98
99
100
101
102
103
104
105
106
107
108
109
110
111
112
113
114
115
132
133
134
135
136
137
138
139
140
141
142
143
144
145
146
147
148
163
164
165
166
167
168
169
181
182
183
184
185
191
192
193
194
215
216
217
226
227
232
233
234
235
236
237
238
239
240
241
242
247
248
249
250
251
252
253
254
255
256
257
258
259
260
298
299
300
301
302
303
304
305
306
307
308
309
711
712
744
901
902
952
1055
1056
1057
1058
1059
1060
1061
1062
1063
1064
1065
1066
1067
1068
1069
1070
1071
1072
1073
1074
1075
1076
1077
1078
1188
1189
1190
1191
1200
1201
1202
1203
1204
1205
1212
1213
1214
1215
1222
1223
1230
1231
1232
1233
1234
1235
1236
1237
1238
1239
1240
1241
1242
1496
1497
1498
1499
1500
1501
1502
1503
1504
1505
1506
1507
1508
1509
1510
1526
1540
1541
1542
1543
1546
1547
1548
1549
1550
1551
1552
1553
1554
1555
1556
1557
1558
1566
1567
1568
1569
1570
1571
1572
1573
1632
1633
1634
1635
1641
1642
1643
1644
1645
1646
1647
1648
1649
1681
1682
1683
1684
1685
1686
1699
1700
1701
1702
1703
1704
1705
1706
1707
1720
1721
1722
1752
1753
1754
1755
1756
1757
1758
1759
1760
1761
1762
1763
1764
1765
1766
1767
1768
1772
1773
1774
1775
1776
1777
1778
1779
1780
1781
1782
1783
1784
1785
2722
2723
2724
2725
2726
2738
2739
2740
2741
2742
2743
2744
2745
2746
2750
2751
2763
2764
2765
2766
2767
2768
2769
2770
2771
2772
2773
2774
2775
2776
2777
2789
2790
2791
2792
2793
2794
2795
2796
2797
2798
2799
2800
2801
2802
2803
2804
2805
2806
2807
2808
2809
2810
2811
2812
2813
2814
2815
2816
2817
2822
2823
2824
2825
2826
2827
2843
2844
2887
2900
2901
2902
2903
2904
2905
2906
2907
2908
2909
2910
2911
2912
2913
2914
2915
2916
2948
2949
2950
2951
2956
2957
2958
2959
2960
2977
2978
3054
3055
3056
3057
3058
3740
3741
3742
3743
3744
3747
3748
3749
3750
3751
3893
3894
3895
3896
3897
3898
3899
3907
3908
3909
3945
3946
3947
3964
3965
3966
3967
3968
3969
3970
3971
3972
3973
3974
3975
4010
4011
4012
4013
4014
4015
4016
4017
4018
4019
4020
4021
4022
4023
4024
4025
4026
4027
4028
4029
4030
4031
4032
4033
4034
4035
4036
4037
4038
4039
4040
4041
4042
4043
4044
4045
4046
4047
4110
4111
4125
4126
4135
4136
4137
4138
4144
4145
4146
4147
4200
4201
4202
4203
4204
4205
4206
4291
4292
4293
4294
4295
4296
4297
4354
4355
4356
4357
4358
4359
4360
4361
4369
4370
4371
4372
4381
4382
4383
4384
4385
4386
4393
4394
4395
4396
4397
4398
4399
4400
4458
4459
4460
4461
4462
4463
4464
4465
4466
4467
4845
4846
4867
4868
4869
4870
4871
4872
4873
4874
4875
4876
4877
4878
4879
4880
4881
4882
4883
4884
4885
4886
4887
4888
4889
4890
4891
4955
4956
4957
5351
5352
5353
5354
5355
5356
5365
5366
5367
5370
5371
5467
5468
5469
5470
5471
5472
5473
5474
5475
5476
5477
5478
5505
5506
5507
5508
5509
5510
5511
5512
5513
5514
5515
5517
5518
5519
5520
5521
5522
5523
5524
5525
5776
5777
5778
5779
5780
5781
5782
5783
5784
5785
5786
5787
5788
5811
5832
5833
5834
5835
5836
5837
5838
5839
5840
5841
5842
5843
5844
5845
5846
5847
5848
5849
5850
5956
5957
5958
5959
5960
5961
5962
5963
5964
5965
5966
5967
5968
5969
5970
5971
5972
5973
5974
5975
5976
5977
5978
5979
5980
5981
5982
5983
5984
5985
5986
5987
5988
5989
5990
5991
5992
5993
5994
5995
5996
5997
5998
5999
6000
6001
6002
6003
6004
6005
6006
6007
6063
6064
6065
6066
6067
6068
6069
6070
6071
6072
6073
6074
6075
6246
6247
6248
6249
6250
6251
6252
6253
6257
6258
6259
6260
6261
6262
6263
6264
6276
6277
6278
6279
6280
6281
6282
6283
6284
6285
6286
6287
6288
6289
6290
6291
6292
6293
6294
6295
6296
6297
6298
6299
6540
6541
6542
6543
6544
6545
6546
6547
6548
6550
6551
6552
6553
6554
6555
6556
6557
6558
6559
6560
6561
6562
6563
6564
6565
6574
6575
6576
6577
6578
6579
6601
6602
6603
6604
6605
6606
6607
6608
6609
6610
6611
6612
6613
6614
6615
6616
6617
6618
6619
6620
6621
6622
6680
6681
6682
6683
6684
6685
6686
6687
6688
6689
6835
6836
6837
6922
6923
6924
6930
6931
6932
6933
6934
6935
6936
6937
6938
6939
6940
6941
6942
6943
6944
6947
6948
6949
6950
6951
6952
6953
6954
6955
6964
6965
6966
6967
6968
6969
6970
6971
6972
6973
6974
6975
6976
6977
6978
6979
6980
6981
6986
6987
6988
6989
7017
7042
7043
7051
7080
7097
7098
7099
7100
7101
7102
7103
7104
7105
7106
7107
7108
7109
7110
7111
7112
7113
7114
7115
7116
7117
7118
7119
7120
7121
7122
7123
7124
7125
7126
7127
7128
7129
7130
7214
7215
7223
7224
7225
7226
7227
7228
7229
7230
7231
7356
7357
7358
7359
7360
7361
7362
7385
7535
7536
7558
7559
7560
7561
7562
7563
7564
7565
7566
7567
7569
7570
7571
7572
7573
7626
7627
7628
7629
7631
7632
7633
7634
7635
7636
7637
7638
7639
7640
7641
7642
7643
7644
7645
7646
7647
7648
7649
7650
7651
7652
7653
7659
7660
7661
7662
7663
7664
7665
7666
7667
7668
7669
7670
7671
7672
7673
7674
7675
7676
7677
7678
7679
7680
7681
7682
7683
7684
7685
7686
7687
7688
7689
7690
7691
7692
7693
7694
7695
7696
7697
7698
7699
7700
7701
7702
7703
7704
7705
7706
7707
7708
7709
7710
7711
7712
7713
7714
7715
7716
7717
7718
7719
7720
7721
7722
7723
7724
7725
7726
7727
7728
7729
7730
7731
7732
7733
7734
7735
7736
7737
7738
7739
7740
7741
7742
7743
7744
7755
7756
7757
7758
7759
7760
7761
7762
7763
7764
7765
7766
7767
7787
7788
7789
7790
7791
7792
7793
7794
7795
7796
7797
7798
7799
7800
7801
7802
7803
7804
7805
7806
7807
7808
7809
7810
7811
7812
7813
7814
7815
7816
7817
7818
7819
7820
7821
7822
7823
7824
7825
7826
7827
7828
7829
7830
7831
7832
7833
7834
7835
7836
7837
7838
7839
7840
7841
7842
7843
7844
7845
7846
7847
7848
7849
7850
7851
7852
7853
7854
7855
7856
7857
7858
7859
7860
7861
7862
7863
7864
7865
7866
7867
7868
7869
7870
7871
7872
7873
7874
7875
7876
7877
7878
7879
7880
7881
7882
7883
7884
7885
7886
7887
7888
7889
7890
7891
7892
7893
7894
7895
7896
7897
7898
7899
7900
7901
7902
7903
7904
7905
7906
7907
7908
7909
7910
7911
7912
7913
7914
7915
7916
7917
7918
7919
7920
7921
7922
7923
7924
7925
7926
7927
7928
7951
7952
7953
7954
7955
7956
7957
7958
7959
7960
7961
7962
7963
7964
7965
7966
7967
7968
7969
7970
7971
7972
7973
7974
7975
7976
7977
7978
7979
7980
7981
7982
7983
7984
7985
7986
7987
7988
7989
7990
7991
7992
7993
7994
7995
8010
8011
8012
8013
8014
8015
8016
8024
8025
8026
8027
8028
8029
8030
8031
8032
8033
8034
8074
8075
8076
8077
8078
8079
8080
8081
8082
8083
8084
8087
8088
8089
8090
8091
8092
8093
8094
8095
8096
8097
8098
8099
8106
8107
8108
8109
8114
8115
8116
8130
8131
8132
8133
8134
8135
8136
8137
8144
8145
8146
8147
8148
8149
8150
8154
8155
8156
8157
8158
8425
8426
8427
8887
8888
8889
8890
8891
8892
8893
9077
9079
9087
9088
9089
9090
9091
9092
9093
9094
9095
9096
9097
9098
9099
9100
9101
9102
9103
9104
9105
9106
9107
9108
9109
9110
9111
9112
9113
9114
9115
9116
9117
9118
9119
9120
9121
9122
9123
9124
9125
9126
9127
9128
9129
9130
9131
9132
9133
9134
9135
9136
9137
9138
9146
9147
9148
9150
9151
9152
9153
9210
9211
9218
9219
9220
9221
9228
9229
9230
9231
9232
9233
9234
9235
9236
9237
9238
9239
9240
9264
9265
9266
9267
9268
9278
9279
9280
9281
9282
9283
9284
9285
9286
9287
9288
9289
9290
9291
9292
9293
9294
9295
9296
9297
9298
9548
9549
9550
9551
9552
9553
9554
9555
9556
9557
9558
9559
9560
9561
9562
9563
9564
9565
9566
9567
9568
9569
9570
9571
9584
9585
9586
9931
9932
9933
9934
9949
9950
9951
9952
10065
10066
10067
10068
10069
10114
10115
10116
10117
10118
10119
10120
10121
10122
10123
10124
10125
10126
10127
10128
10129
10130
10131
10132
10133
10134
10135
10136
10137
10138
10139
10140
10141
10142
10143
10144
10145
10146
10147
10148
10149
10150
10151
10152
10153
10154
10155
10156
10157
10158
10159
10160
10161
10162
10163
10167
10168
10169
10170
10171
10172
10173
10174
10175
10176
10178
10179
10180
10181
10182
10183
10184
10185
10186
10187
10188
10189
10190
10191
10192
10193
10194
10195
10196
10197
10198
10199
10200
10201
10202
10203
10204
10205
10206
10207
10208
10209
10210
10211
10212
10213
10214
10215
10216
10217
10218
10219
10220
10221
10222
10223
10224
10225
10226
10227
10228
10229
10230
10231
10232
10233
10234
10235
10236
10373
10374
10375
10376
10377
10378
10447
10448
10462
10463
10464
10465
10466
10467
10468
10469
10470
10471
10728
10729
10730
10733
10734
10735
10736
10737
10738
10739
10740
10741
10742
10743
10744
10745
10746
10747
10748
10749
10750
10751
10752
10753
10759
10760
10761
10762
10763
10764
10765
10766
10767
10768
10769
10770
10771
10772
10773
10774
10775
10776
10777
10778
10779
10780
10781
10782
10783
10784
10785
10786
10787
10788
10789
10790
10791
10792
10793
10794
10795
10796
10797
10798
10799
10800
10801
10802
10803
10804
10805
10806
10807
10808
10809
10810
10811
10812
10813
10814
10815
11500
11501
11575
11576
11623
11624
11625
11626
11705
11706
11720
11721
11722
11723
11724
11725
11726
11727
11728
11729
11730
11989
11990
11991
11992
11993
11994
11995
11996
11998
11999
12000
12001
12002
12003
12019
12020
12021
12022
12129
12130
12131
12132
12133
12134
12135
12192
12193
12194
12195
12196
12197
12205
12207
12208
12209
12210
12211
12212
12216
12347
12348
12349
12350
12391
12392
12393
12394
12395
12396
12397
12398
12399
12400
12401
12474
12475
12476
12477
12478
12479
12480
12481
12505
12506
12526
12527
12528
12529
12530
12531
12570
12571
12572
12573
12574
12578
12579
12580
12581
12582
12583
12726
12727
12728
12729
12730
12734
12735
12736
12737
12738
12771
12772
12773
12774
12775
12776
12777
12778
12779
12780
12781
12782
12783
12784
12785
12786
12787
12788
12789
12790
12791
12792
12793
12794
12795
12796
12797
12798
12799
12879
12880
12881
12890
12891
12892
12893
12894
12997
12998
12999
13000
13001
13002
13003
13004
13069
13070
13071
13072
13073
13074
13094
13095
13096
13097
13098
13099
13100
13101
13102
13103
13104
13105
13106
13107
13108
13109
13110
13133
13134
13135
13136
13137
13138
13139
13140
13141
13159
13160
13161
13162
13163
13164
13165
13166
13167
13168
13169
13170
13171
13172
13173
13174
13175
13181
13182
13183
13184
13194
13195
13196
13197
13198
13199
13200
13201
13202
13203
13204
13205
13206
13207
13208
13209
13210
13213
13214
13215
13216
13217
13220
13221
13222
13223
13224
13225
13226
13227
13228
13229
13230
13232
13233
13234
13235
13236
13237
13238
13239
13240
13241
13242
13243
13244
13247
13248
13278
13279
13280
13281
13282
13323
13325
13326
13327
13328
13329
13346
13347
13348
13349
13367
13368
13369
13370
13371
13372
13373
13374
13375
13376
13377
13378
13379
13380
13381
13382
13383
13431
13432
13433
13462
13463
13464
13465
13466
13499
13500
13501
13502
13503
13504
13505
13506
13507
13508
13509
13510
13511
13512
13513
13514
13515
13516
13529
13530
13531
13561
13562
13670
13671
13672
13673
13674
13706
13707
13708
13709
13710
13711
13712
13713
13714
13715
13716
13717
13718
13719
13720
13721
13722
13723
13724
13725
13726
13727
13728
13735
13736
13737
13738
13761
13762
13763
13764
13958
13959
14015
14016
14017
14018
14019
14142
14143
14144
14145
14146
14147
14283
14284
14285
14286
14287
14288
14289
14290
14317
14318
14319
14320
14321
14322
14323
14348
14349
14350
14351
14352
14353
14354
14355
14356
14357
14358
14359
14360
14361
14362
14363
14364
14365
14366
14367
14368
14369
14370
14371
14372
14373
14374
14375
14376
14377
14378
14384
14385
14386
14387
14388
14408
14409
14410
14411
14446
14447
14450
14451
14452
14458
14459
14460
14461
14462
14463
14464
14465
14466
14490
14491
14492
14493
14494
14495
14496
14497
14498
14499
14500
14501
14502
14503
14504
14505
14506
14507
14508
14509
14510
14511
14512
14513
14514
14515
14516
14517
14518
14519
14520
14521
14522
14567
14568
14569
14570
14571
14572
14573
14574
14575
14576
14577
14578
14579
14580
14581
14582
14583
14584
14585
14586
14587
14588
14654
14668
14669
14670
14671
14672
14694
14695
14696
14697
14698
14699
14700
14710
14711
14712
14713
14714
14715
14716
14717
14718
14719
14720
14721
14722
14723
14724
14746
14747
14748
14749
14750
14751
14752
14753
14754
14755
14756
14757
14758
14759
14760
14761
14762
14763
14764
14765
14766
14767
14768
14769
14770
15061
15199
15200
15631
15632
15633
15634
15635
15636
15637
15638
15639
15640
15641
15642
15643
15644
15645
15734
15735
15736
15737
15738
15741
15742
15743
15744
15745
15746
15770
15771
15772
15773
15774
15775
15776
15777
15778
15779
15780
15781
15782
15783
15784
15785
15973
15974
15975
15976
16051
16052
16053
16054
16055
16473
16474
16475
16476
16477
16478
16479
16480
16481
16482
16483
16484
16512
16513
16514
16516
16517
16518
16519
16520
16521
16522
16631
16632
16633
16634
16635
16636
16648
16649
16650
16651
16652
16653
16654
16655
16656
16657
16658
16659
16660
16661
16662
16699
16700
16701
16702
16703
16704
16705
16706
16707
16708
16709
16710
16711
16793
16794
16795
17096
17097
17098
17099
17100
17101
17102
17106
17107
17108
17109
17110
17111
17112
17113
17114
17115
17116
17117
17118
17119
17120
17121
17122
17123
17124
17125
17126
17127
17128
17129
17130
17131
17132
17356
17357
17358
17359
17360
17361
17362
17363
17364
17365
17366
17367
17380
17381
17382
17383
17384
17385
17717
17718
17719
17720
17721
17722
17723
17825
17826
17827
17828
17829
17830
17831
17832
18004
18005
18006
18007
18008
18009
18010
18011
18056
18057
18058
18059
18132
18133
18134
18135
18136
18137
18138
18139
18140
18141
18142
18143
18144
18146
18147
18148
18149
18150
18151
18152
18153
18154
18155
18156
18157
18158
18159
18160
18161
18162
18163
18164
18165
18166
18167
18168
18180
18181
18182
18186
18187
18188
18189
18276
18277
18306
18307
18308
18309
18310
18311
18312
18328
18329
18330
18340
18341
18342
18343
18840
18841
18842
18843
18844
18845
18846
18847
18848
18849
18850
18864
18865
18866
18867
18868
18869
18870
18871
18872
18873
20098
20099
20100
20101
20102
20128
20129
20133
20134
20135
20136
20137
20138
20139
20140
20141
20142
20143
20144
20156
20157
20158
20252
20253
20254
20255
20256
20257
20258
20259
20260
20695
20696
20697
20698
20769
20956
20957
20958
20959
21071
21072
21073
21074
21075
21076
21077
21078
21079
21102
21103
21639
21642
21643
21758
21901
21902
21903
21905
22268
22269
22323
22324
22325
22326
22327
22328
22329
22330
22331
22332
22333
22334
22385
22386
22387
22388
22389
22390
22391
22392
22393
22394
22395
22396
22397
22564
22734
22735
22814
22815
22816
22817
22818
22819
22820
22821
22822
22823
22824
22825
22826
22827
22828
22829
22830
22856
22857
22858
23111
23112
23113
23114
23115
23116
23213
23214
23514
23515
23516
23517
23518
23519
23520
23521
23522
23523
23524
23525
23526
23527
23528
23529
23530
23543
23544
23557
23558
23559
23560
23572
23573
23574
23579
23580
23582
23583
23584
23585
23586
23587
23588
23589
23590
23591
23592
23593
23594
23595
23596
23597
23598
23599
23600
23601
23602
23603
23604
23605
23606
23607
23608
23609
23610
23611
23612
23613
23614
23615
23616
23617
23618
23619
23620
23621
23622
23623
23624
23625
23626
23627
23628
23629
23630
23639
23640
23641
23642
23643
23644
23647
23648
23652
23653
23654
23655
23656
23678
23680
23681
23682
23683
23684
23685
23686
23687
23697
23705
23706
23710
23711
23712
23713
23714
23716
23717
23718
23719
23759
23760
24300
24301
24303
24304
24305
24548
24549
24550
25488
25489
25835
25836
25887
25888
26117
26287
26296
26297
26298
26299
26300
26301
26446
26447
26448
26449
26450
26451
26452
26453
26494
26495
26542
26543
26544
26545
26546
26547
26548
26549
26550
26551
26552
26591
26592
26611
26612
26613
26614
26615
26616
26617
26618
26619
26620
26621
26622
26623
26624
26625
26626
26627
26628
26629
26630
26631
26632
26701
26702
26703
26704
26705
26706
26707
26708
26709
26710
26711
26712
26713
26714
26715
26716
26717
26718
26719
26720
26748
26749
26750
26751
26752
26753
26754
26755
26756
26757
27094
27180
27181
27182
27351
27352
27609
27610
27897
27898
27899
27900
27901
27902
27903
27904
28513
28514
28515
28530
28531
28532
28533
28534
28537
28538
28539
28540
28541
28542
28543
28544
28587
28588
28589
28793
28794
28795
28796
28797
28802
28803
28804
28805
28806
28865
28866
28879
28882
28883
28884
28885
28886
28887
28888
28889
28890
28891
28892
28893
28894
28895
28896
28900
28947
28948
28949
28950
28951
28952
28953
28954
28955
28956
28957
28958
28959
28967
28968
28969
28970
28971
28972
28973
28974
28975
28976
28996
28997
28998
28999
29000
29001
29002
29003
29004
29005
29006
29007
29008
29009
29010
29011
29012
29013
29014
29015
29016
29017
29018
29019
29020
29021
29022
29025
29026
29027
29028
29055
29056
29057
29058
29059
29060
29061
29062
29083
29223
29224
29231
29232
29233
29234
29235
29236
29237
29238
29239
29240
29241
29242
29247
29248
29251
29256
29257
29258
29259
29260
29261
29262
29263
29264
29265
29266
29267
29268
29269
29270
29271
29272
29273
29274
29275
29276
29277
29278
29279
29280
29281
29282
29283
29288
29289
29290
29291
29292
29293
29294
29295
29296
29297
29298
29299
29300
29301
29302
29303
29311
29312
29313
29314
29315
29316
29317
29318
29319
29320
29321
29322
29329
29330
29331
29332
29333
29334
29341
29342
29343
29344
29345
29346
29359
29360
29361
29362
29363
29364
29365
29366
29542
29746
29747
29748
29749
29750
30679
30680
30681
30682
30683
30684
30685
30686
30687
30688
30689
30757
30934
30958
30959
30960
30970
32216
32217
32218
32219
32220
32221
32222
32223
32224
32225
32292
32293
32294
32295
32296
32479
32480
32481
32482
32483
32484
32485
32486
32487
32488
32489
32490
32491
32492
32493
32494
32495
32496
32497
32498
32791
32792
32793
32794
32795
32796
32797
32798
32799
32800
32801
32802
32803
32804
32824
32825
32826
32827
32828
32829
32830
32831
32832
32833
32834
32835
32836
32837
32838
32839
32840
32841
32842
32843
33087
33167
33168
33169
33170
33372
33373
33374
33375
33376
33378
33379
33380
33384
33756
33757
33758
33759
33760
33761
33762
33763
33764
35120
35121
35122
35123
35245
35246
35247
35248
35249
35250
35343
35344
35393
36141
36142
36143
36531
36532
36533
36534
36875
36876
36877
36878
36879
36880
36896
36971
36972
36973
36974
36978
36979
36980
36981
36982
36983
36984
36985
36986
36987
36988
36989
36990
36991
36992
36993
36994
36995
36996
36999
37000
37001
37002
37297
37298
37305
37306
37307
37308
37309
37310
37311
37418
37419
37420
37496
37497
37498
37499
37518
37519
37520
37521
37522
37524
37526
37527
37535
37536
37537
37538
37810
37811
37812
37813
37814
37815
37816
37817
38043
38044
38045
38046
38064
38065
38066
38067
38068
38069
38076
38077
38078
38079
38082
38083
38084
38085
38086
38127
38128
38129
38130
38131
38132
38133
38134
38135
38136
38137
38138
38139
38140
38141
38142
38143
38144
38145
38146
38147
38148
38149
38150
38151
38152
38153
38154
38155
38156
38157
38158
38159
38160
38161
38162
38163
38164
38165
38166
38167
38300
38301
38302
38303
38304
38305
38306
38307
38308
38309
38310
38311
38312
38313
38314
38315
38316
38317
38318
38319
38431
38432
38703
38704
38705
38706
38707
38708
38709
38710
38711
38712
38713
38714
38715
38716
38743
38744
38752
38753
38754
38755
38756
38757
38758
38790
38791
38799
38808
38823
38824
38825
38826
38827
38828
38829
38830
38976
38977
38978
38979
38980
38981
38982
38983
38989
38990
39009
39010
39011
39012
39013
39014
39015
39016
39017
39018
39019
39020
39021
39045
39046
39047
39048
39049
39068
39069
39070
39071
39075
39076
39077
39081
39082
39085
39086
39087
39088
39089
39090
39091
39105
39106
39118
39119
39120
39121
39122
39123
39124
39125
39126
39127
39128
39129
39130
39131
39132
39133
39134
39135
39136
39141
39142
39143
39144
39145
39146
39152
39153
39154
39155
39156
39157
39158
39159
39160
39161
39162
39172
39173
39174
39175
39176
39177
39360
39361
39362
39363
39364
40551
40552
40553
40572
40573
40574
40600
40601
40602
40603
40732
40733
40734
40735
40874
40875
40891
40892
40893
40894
40895
40896
41021
41022
41023
41024
41090
41091
41092
41093
41158
41162
41163
41164
41165
41166
41167
41168
41416
41490
41506
41507
41508
41509
41510
41511
41512
41513
41933
41937
41938
41939
41940
41941
41967
41970
41971
41975
41976
41977
41978
41979
41980
41981
41982
41983
41984
41985
41986
41987
41988
42020
42021
42022
42058
42059
42060
42061
42062
42063
42095
42096
42097
42098
42153
42154
42155
42156
42157
42158
42159
42174
42181
42182
42183
42184
42185
42186
42187
42188
42189
42226
42227
42228
42229
42230
42231
42232
42233
42234
42235
42236
42237
42238
42239
42240
42241
42242
42245
42246
42247
42248
42249
42250
42251
42252
42253
42254
42274
42275
42276
42277
42278
42279
42280
42281
42282
42283
42289
42290
42301
42302
42303
42304
42305
42308
42309
42310
42311
42312
42313
42314
42342
42343
42347
42348
42349
42352
42353
42354
42355
42359
42383
42384
42385
42386
42428
42467
42468
42469
42470
42471
42512
42513
42790
42791
42887
42894
42895
42905
42906
42961
42962
42963
42995
42996
42997
42998
42999
43000
43001
43002
43030
43031
43032
43033
43038
43193
43194
43195
43196
43198
43199
43200
43201
43202
43203
43204
43205
43206
43207
43208
43210
43211
43212
43213
43214
43215
43216
43311
43312
43313
43314
43315
43316
43317
43318
43319
43320
43321
43322
43323
43324
43333
43334
43335
43336
43337
43338
43339
43340
43341
43342
43343
43344
43358
43359
43360
43361
43362
43363
43364
43365
43366
43559
43560
43580
43587
43588
43589
43590
43591
43594
43595
43596
43597
43602
43607
43621
43622
43625
43626
43627
43628
43629
43630
43631
43632
43633
43634
43637
43641
43642
43643
43644
43665
43666
43667
43668
43669
43670
43671
43685
43686
43687
43688
43689
43690
43691
43692
43693
43694
43695
43696
43697
43698
43699
43700
43701
43702
43703
43704
43705
43706
43707
43708
43709
43710
43711
43712
43713
43714
43715
43716
43717
43718
43719
43720
43721
43722
43723
43724
43725
43726
43727
43728
43729
43730
43731
43732
43733
43734
43735
43736
43737
43738
43739
43740
43741
43742
43743
43744
43745
43746
43747
43748
43749
43750
43751
43752
43753
43754
43755
43756
43757
43758
43759
43760
43761
43762
43763
43764
43765
43766
43767
43768
43769
43770
43771
43772
43773
43774
43775
43776
43777
43778
43779
43780
43781
43782
43783
43784
43785
43786
43787
43788
43789
43790
43791
43792
43793
43794
43795
43796
43797
43798
43799
43800
43801
43802
43803
43804
43903
43904
43905
43906
43907
43908
43922
43923
43924
43925
43926
43927
43928
43929
43930
43931
43932
43933
43955
43956
43957
43958
43959
43960
43961
43962
43963
43964
43965
43966
43967
43968
43969
43970
43971
43972
43973
43974
43975
43976
44003
44181
44182
44183
44219
44220
44221
44222
44223
44224
44225
44226
44227
44335
44336
44337
44338
44339
44340
44341
44342
44343
44344
44345
44346
44347
44348
44349
44350
44351
44352
44353
44354
44355
44356
44357
44358
44359
44362
44363
44766
44767
44768
44769
44770
44773
44774
44775
44776
44777
44779
44780
44781
45160
45161
45271
45272
45273
45274
45275
45276
45277
45278
45279
45280
45281
45282
45283
45284
45285
45394
45395
45396
45539
45540
45541
45542
45543
45544
45576
45579
45580
45581
45582
45588
45634
45635
45636
46003
46004
46005
46006
46007
46008
46009
46010
46416
46417
46418
46419
46420
47025
47026
47027
47169
47170
47171
47172
47173
47331
47332
47333
47334
47335
47572
47573
47574
47575
47576
47577
47578
47579
47580
47666
47667
47668
47669
47670
48842
48843
48844
48845
48846
48847
48848
48851
48926
48927
48928
48933
48934
48935
48939
48940
48941
49388
49389
49511
49512
49513
49514
49515
49516
49517
49518
49519
49520
49521
49573
49574
49575
49576
49577
49578
49579
49580
49866
49867
49925
49926
49927
49928
49929
49930
49931
49932
49933
49934
49935
50103
50104
50106
50107
50108
50109
50110
50111
50112
50113
50114
50115
50116
50117
50118
50119
50120
50121
50134
50135
50136
50137
50138
50139
50140
50151
50152
50164
50165
50202
50203
50204
50205
50258
50259
50260
50261
50262
50314
50315
50316
50317
50318
50319
50320
50321
50322
50323
50324
50325
50326
50327
50328
50534
50535
50536
50537
50538
50539
50540
50541
50542
50543
50544
50545
50554
50555
50561
50562
50579
50580
50581
50582
50583
50584
50585
50586
50587
50588
50589
50590
50591
50592
50593
50594
50595
50596
50597
50598
50599
50600
50601
50602
50603
50608
50609
50610
50611
50612
50613
50614
50615
50616
50617
50618
50619
50620
50621
50622
50623
50624
50625
50626
50627
50628
50629
50630
50631
50632
50633
50714
50715
50716
50717
50718
50719
50720
50721
50722
50723
50767
50768
50769
50790
50791
50792
50793
50794
50795
50798
50799
51646
51647
51648
51649
51650
51651
51652
51653
51654
51655
51656
51657
51658
51659
51660
51661
51662
51663
51664
51665
51666
51667
51668
51669
51670
51671
51672
51673
51674
51675
51676
51677
51678
51679
51680
51681
51682
51683
51684
51685
51686
51690
51691
51692
51693
51706
51707
51708
51709
51832
51833
51888
51889
51890
51891
51892
51893
51894
51895
51896
51897
51898
51899
51900
51901
51902
51903
51904
51905
51906
51926
51927
51930
51931
51932
51934
51935
51936
51937
51938
51939
51944
51945
51946
51947
51948
51949
51950
51951
51952
51953
51954
51955
51958
51959
51960
51961
51962
51963
51964
51965
51966
51967
52006
52007
52008
52009
52010
52011
52043
52062
52063
52076
52077
52078
52079
52080
52081
52082
52083
52084
52085
52086
52087
52088
52116
52117
52118
52119
52120
52121
52122
52123
52124
52125
52126
52127
52128
52129
52130
52131
52132
52133
52134
52537
52538
52559
52560
52561
52564
52565
52566
52567
52568
52569
52570
52571
52572
52573
52574
52575
52576
52577
52578
52579
52580
52581
52582
52583
52584
52585
52586
52587
52588
52589
52590
52591
52592
52593
52594
52595
52596
52597
52598
52599
52600
52601
52602
52603
52604
52605
52606
52607
52608
52609
52610
52611
52612
52613
52614
52615
52616
52617
52618
52619
52620
52621
52622
52623
52624
52625
52626
52627
52628
52629
52630
52631
52632
52633
52634
52635
52636
52637
52638
52639
52640
52641
52642
52643
52644
52645
52646
52647
52648
52649
52650
52651
52658
52659
52660
52661
52662
52663
52664
52665
52666
52667
52668
52669
52670
52694
52704
52705
52706
52707
52708
52709
52710
52711
52713
52714
52715
52716
52717
52718
52719
52724
52725
52726
52727
52728
52729
52730
52731
52732
52733
52734
52735
52736
52737
52738
52739
52740
52741
52742
52743
52744
52745
52746
52747
52748
52749
52750
52751
52752
52761
52762
52763
52764
52765
52766
52767
52768
52769
52770
52771
52772
52773
52774
52775
52776
52777
52778
52779
52780
52781
52782
52784
52785
52786
52787
52788
52789
52790
52791
52792
52793
52794
52795
52796
52797
52798
52799
52800
52801
52802
52803
52804
52805
52806
52807
52808
52809
52810
52811
52812
52813
52814
52815
52816
52817
52818
52819
52820
52821
52822
52826
52827
52828
52829
52830
52831
52832
52833
52839
52840
52841
52842
52843
52844
52845
52846
52868
52869
52885
52886
52887
52888
52889
52890
52891
52892
52893
52894
52895
52896
52897
52898
52899
52900
52901
52902
52903
52904
52905
52906
52907
52908
52909
52910
52911
52912
52913
52914
52915
52916
52917
52918
52919
52920
52921
52922
52923
52924
52925
52926
52927
52928
52929
52930
52931
52932
52933
52934
52935
52936
52937
52938
52939
52940
52941
52942
52943
52944
52945
52946
52947
52948
52949
52950
52951
52952
52953
52954
52955
52956
52957
52958
52959
52960
52961
52962
52963
52964
52965
52966
52967
52968
52969
52970
52971
52972
52973
52974
52975
52976
52977
52978
52979
52980
52981
52982
52983
52984
52985
52986
52987
52988
52989
52990
52991
52992
52993
52994
52995
52996
52997
52998
52999
53000
53001
53002
53003
53004
53005
53006
53036
53037
53038
53039
53040
53041
53042
53043
53044
53045
53061
53062
53125
53130
53131
53132
53133
53142
53143
53144
53145
53146
53147
53148
53149
53150
53151
53152
53153
53154
53155
53156
53157
53158
53159
53160
53161
53162
53163
53164
53165
53166
53167
53168
53169
53170
53171
53172
53173
53174
53175
53176
53177
53178
53179
53180
53181
53182
53183
53184
53185
53186
53187
53188
53189
53190
53191
53192
53193
53194
53195
53196
53197
53198
53199
53200
53201
53202
53203
53204
53205
53206
53207
53208
53209
53210
53211
53212
53213
53214
53215
53216
53217
53218
53219
53220
53221
53222
53223
53224
53225
53226
53227
53228
53229
53230
53231
53232
53233
53234
53235
53236
53237
53238
53239
53240
53241
53242
53243
53244
53245
53246
53247
53396
53731
53732
53733
53734
53735
53736
53770
53771
53772
53773
53774
53775
53776
53777
53778
53779
53780
53781
53782
53783
53784
53785
53860
53861
53862
53863
53864
53865
53866
53867
53868
53869
53870
53871
53872
53873
54182
54205
54280
54281
54282
54392
54393
54464
54465
54466
54469
54470
54471
54473
54474
54475
54476
54477
54478
54479
54480
54481
54482
54483
54484
54485
54486
54487
54488
54489
54534
54535
54536
54537
54538
54539
54540
54541
54542
54543
54544
54545
54546
54547
54548
54549
54550
54551
54552
54553
54554
54555
54556
54557
54558
54559
54560
54561
54562
54563
54564
54565
54566
54567
54568
54569
54570
54571
54572
54573
54574
54575
54576
54584
54585
54586
54587
54588
54921
54922
54923
54924
54925
54926
55177
55178
55195
55196
55225
55231
55232
55270
55271
55272
55273
55274
55275
55276
55402
55403
55404
55405
55406
55407
55408
55450
55451
55495
55496
55497
55498
55499
55500
55501
55502
55503
55504
55505
55506
55507
55508
55791
55792
55793
55800
55801
55802
55803
55806
55808
55809
55810
55811
55812
55813
55814
55815
55816
55817
55818
55819
55820
55821
55822
55823
55824
55825
55826
55827
55828
55829
55830
55831
56312
56313
56314
56315
56464
56465
56466
56467
56468
56736
56737
56738
56739
56740
56771
56814
56815
56816
56884
56885
56886
56887
56888
56889
57043
57044
57283
57284
57285
57286
57287
57288
57289
57290
57291
57292
57293
57313
57314
57578
57579
57580
57581
57582
57583
57584
57585
57586
57587
57588
57589
57590
57591
57592
57829
57830
57831
57832
57833
57834
57835
57836
57838
57839
57840
57841
57842
57843
57844
57845
58082
58083
58087
58088
58089
58184
58185
58187
58188
58189
58190
58191
58192
58193
58194
58195
58196
58216
58348
58349
58350
58351
58352
58353
58354
58355
58356
58357
58358
58359
58360
58361
58362
58363
58364
58365
58366
58528
58529
58540
58541
58542
58543
58544
58545
58546
58547
58548
58549
58550
58551
58657
58658
58659
58660
58661
58791
58792
58800
58801
58802
58803
58804
58805
58806
58807
58808
58809
58810
58811
58812
58813
58814
58815
58816
58817
58818
58819
58820
58821
58919
58920
58921
58922
58991
58992
58993
58994
58995
58996
58997
58998
58999
59000
59001
59002
59003
59267
59268
59269
59270
59271
59272
59273
59274
59275
59276
59277
59278
59279
59280
59281
59282
59283
59284
59285
59286
59287
59288
59289
59290
59291
59292
59293
59294
59295
59568
59569
59661
59662
59663
59664
59665
59666
59667
59668
59669
59670
59671
59672
59673
59674
59675
59676
59677
59678
59679
59680
59681
59682
59683
59684
59685
59699
59700
59880
59881
59882
59883
59884
59885
59886
59887
59888
59889
59890
59891
59892
59893
59894
59895
59896
59897
59898
59899
60232
60233
60234
60235
60236
60237
60238
60239
60240
60241
60242
60243
60244
60245
60246
60541
61088
61089
61090
61091
61092
61093
61094
61095
61096
61097
61098
61099
61100
61459
61460
61461
61462
61465
61466
61467
61468
61469
61470
61471
61472
61473
61474
61475
61476
61477
61478
61479
61480
61481
61482
61483
61484
61511
61512
61592
61593
61594
61595
61596
62052
62053
62054
62055
62056
62057
62058
62059
62060
62109
62110
62111
62112
62113
62114
62115
62116
62117
62118
62145
62146
62147
62148
62149
62150
62161
62162
62163
62164
62165
62166
62167
62168
62169
62170
62171
62172
62173
62174
62175
62176
62318
62319
62379
62380
62381
62382
62383
62393
62394
62504
62505
62506
62507
62508
62509
62510
62511
62512
62513
62514
62515
62516
62517
62518
62519
62520
62524
62525
62527
62528
62612
62613
62684
62685
62687
62688
62689
62690
62691
63034
63035
63065
63066
63067
63086
63087
63127
63230
63231
63232
63233
63234
63235
63236
63237
63238
63239
63240
63241
63242
63268
63269
63270
63271
63272
63273
63284
63285
63286
63287
63288
63289
63290
63381
63382
63383
63384
63517
63552
63553
63554
63572
63573
63584
63626
63632
63633
63634
63635
63636
63637
63638
63639
63685
63686
63768
63895
63896
63897
63898
63899
63900
63916
63917
63918
63919
63940
63941
63944
63945
63946
63947
63956
63967
63968
63969
63970
63971
63972
63973
63974
63975
63976
63977
63978
63979
63980
63981
63982
63983
63984
63999
64000
64001
64002
64003
64004
64005
64006
64007
64008
64009
64010
64011
64012
64013
64014
64015
64016
64017
64018
64019
64020
64021
64022
64023
64024
64025
64026
64027
64028
64029
64030
64031
64032
64033
64052
64053
64054
64055
64056
64343
64344
64345
64577
64609
64614
64615
64616
64618
64619
64620
64621
64622
64626
64627
64628
64629
64630
64631
64632
64636
64637
64638
64639
64640
64648
64649
64650
64651
64652
64653
64654
64655
64656
64657
64658
64659
64660
64661
64662
64663
64664
64665
64666
64667
64668
64669
64670
64671
64672
64673
64674
64675
64676
64677
64678
64679
64680
64681
64682
64683
64696
64697
64698
64699
64700
64701
64702
64703
64704
64705
64706
64707
64708
64709
64710
64711
64712
64713
64714
64715
64716
64717
64718
64719
64720
64721
64722
64723
64724
64725
64726
64727
64728
64729
64730
64731
64732
64926
64927
65033
65161
65162
65163
65164
65165
65166
65167
65333
65334
65335
65336
65337
65338
65339
65340
65397
65398
65399
65400
65401
65402
65403
65404
65405
65421
65422
65423
65431
65432
65433
65434
65435
65457
65465
65466
65467
65468
65469
65500
65501
65502
65503
65504
65758
65759
65760
65761
65762
65763
65764
65765
65843
65844
65845
65846
65847
65848
65849
65850
65851
65852
65853
65854
65855
65856
65857
65858
65859
65860
65861
65862
66648
66649
66650
66651
66652
66653
66654
66655
66656
66657
66658
66659
66660
66661
66662
66663
66664
66665
66666
66667
66668
66669
66670
66671
66672
66673
66674
66675
66676
66677
66678
66679
66754
66755
66756
66757
66758
66827
66828
66877
66878
66879
66882
66883
66884
66885
66886
66887
66888
66898
66899
66900
66901
66904
66905
66906
66907
66921
66922
66947
66948
67065
67066
67067
67072
67073
67074
67075
67088
67089
67090
67091
67092
67093
67094
67095
67096
67097
67098
67099
67100
67101
67102
67103
67104
67105
67106
67107
67108
67109
67110
67111
67112
67113
67114
67115
67116
67117
67118
67119
67120
67121
67122
67123
67124
67125
67126
67127
67128
67129
67130
67131
67132
67133
67134
67135
67136
67137
67138
67139
67140
67141
67142
67143
67144
67145
67146
67147
67148
67149
67150
67151
67152
67153
67154
67155
67156
67157
67161
67162
67163
67164
67165
67166
67167
67168
67169
67170
67171
67172
67180
67187
67242
67243
67244
67245
67246
67247
67248
67249
67250
67251
67254
67255
67257
67258
67266
67267
67268
67269
67282
67283
67285
67286
67288
67289
67290
67291
67292
67293
67294
67295
67296
67297
67298
67299
67300
67301
67302
67303
67304
67305
67306
67307
67308
67309
67310
67311
67315
67316
67317
67318
67319
67320
67321
67322
67348
67349
67350
67351
67352
67353
67354
67355
67356
67357
67358
67491
67492
67493
67494
67495
67496
67497
67498
67499
67500
67501
67502
67503
67504
67505
67506
67507
67508
67509
67510
67511
67512
67513
67514
67515
67516
67517
67518
67519
67520
67521
67522
67523
67524
67525
67526
67534
67535
67536
67537
67538
67539
67540
67541
67542
67543
67745
67746
67781
67782
67783
67784
67785
67786
67787
67788
67789
67790
67791
67792
67793
67794
67795
67796
67847
68008
68009
68079
68080
68081
68082
68083
68105
68113
68114
68198
68199
68200
68201
68202
68203
68204
68349
68350
68351
68352
68353
68354
68355
68356
68357
68358
68359
68365
68366
68367
68368
68369
68493
68494
68495
68496
68497
68498
68499
68500
68501
68502
68503
68504
68505
69286
69287
69701
69702
69703
69704
69705
69706
69707
69708
69709
70199
70200
70323
70324
70342
70343
70344
70345
70346
70347
70348
70349
70350
70351
70352
70353
70626
70627
70628
70629
70630
70631
70632
70633
70634
70635
70636
70637
70689
70915
70916
70917
70982
70983
70984
70985
71000
71001
71002
71025
71026
71027
71028
71029
71030
71031
71032
71033
71118
71119
71125
71126
71127
71157
71158
71159
71160
71185
71186
71187
71188
71189
71190
71191
71192
71193
71207
71208
71209
71210
71211
71237
71238
71239
71240
71241
71470
71597
71598
71599
71600
71601
71602
71603
71604
71605
71606
71607
71608
71609
71610
71679
71680
71681
71730
71731
71733
71734
71735
71736
71737
71738
71739
71933
71934
71935
71936
71947
71948
71949
71950
71951
71952
71953
71954
71955
71956
71957
71958
71959
71960
71961
71962
71963
71964
71965
71966
71967
71968
72067
72068
72069
72070
72071
72072
72073
72074
72075
72076
72077
72078
72079
72080
72081
72082
72083
72084
72085
72086
72087
72088
72089
72090
72091
72092
72114
72121
72135
72136
72137
72138
72139
72140
72141
72142
72143
72144
72145
72146
72147
72148
72149
72150
72151
72152
72153
72155
72156
72157
72158
72159
72160
72162
72163
72164
72165
72166
72167
72168
72169
72170
72171
72172
72173
72174
72175
72176
72177
72178
72246
72247
72248
72249
72250
72251
72252
72253
72254
72255
72256
72257
72258
72291
72292
72293
72294
72295
72296
72303
72319
72320
72321
72322
72323
72324
72325
72326
72327
72328
72364
72365
72366
72367
72368
72369
72370
72371
72372
72373
72374
72375
72376
72377
72378
72379
72380
72381
72382
72383
72384
72385
72386
72387
72388
72389
72390
72391
72392
72393
72394
72395
72396
72397
72681
72682
72683
72684
72685
72686
72687
72688
73012
73140
73141
73142
73143
73149
73150
73151
73152
73179
73180
73181
73182
73183
73184
73185
73186
73187
73188
73189
73190
73191
73192
73193
73194
73195
73196
73232
73233
73234
73235
73236
73237
73238
73239
73240
73241
73242
73243
73244
73245
73437
73438
73439
73440
73441
73442
73599
73600
73601
73602
73605
73606
73619
73620
73621
73632
73661
73662
73663
73664
73665
73666
73667
73676
73677
73678
73679
73680
73681
73682
73683
73684
73685
73737
73738
73739
73740
73741
73742
73743
73744
73745
73746
73747
73748
73749
73750
73751
73752
73753
73754
73755
73784
73785
73786
73793
73794
73795
73796
73797
73798
73799
73800
73801
73802
73803
73804
73805
73806
73807
74052
74053
74718
74719
74720
74721
74722
74723
74724
74735
74736
74737
74738
74739
74740
74741
74742
74743
74744
74745
74785
74786
74787
74788
74789
74790
74791
74792
74793
74794
74795
74796
74797
74798
74895
74896
74902
74903
74904
74905
74906
74907
74908
74913
74914
75070
75079
75080
75081
75082
75091
75092
75093
75094
75095
75096
75097
75098
75279
75286
75287
75288
75289
75290
75291
75292
75293
75294
75295
75296
75297
75298
75876
75877
75878
75879
75958
75959
75960
75961
75962
75963
75964
75965
75966
75967
75968
75969
75970
75971
75975
75976
75977
75978
75979
75980
75981
75982
75983
76015
76016
76017
76018
76019
76020
76021
76148
76307
76308
76309
76524
76525
76526
76531
76669
76670
76671
76672
76673
76674
76675
76676
76677
76678
76679
76680
76681
76682
76756
76757
76758
76759
76760
76761
76762
76871
76877
76878
76879
76880
76881
76891
76892
76893
76894
76895
76904
76911
76912
76913
76914
76915
76916
76917
76918
76919
76920
76921
76922
76923
76924
76925
76926
76934
76935
76936
76938
76939
76940
76945
76946
76967
76968
76977
76978
76979
76980
76981
76987
76988
76993
76994
76995
76996
76998
76999
77000
77001
77002
77003
77004
77005
77006
77007
77008
77009
77010
77011
77012
77024
77025
77026
77027
77125
77198
77199
77200
77201
77209
77243
77244
77250
77260
77261
77262
77263
77275
77276
77277
77278
77279
77280
77281
77282
77365
77366
77840
77847
77848
77849
78074
78075
78076
78077
78078
78079
78080
78081
78082
78113
78114
78242
78243
78391
78392
78438
78439
78440
78441
78442
78443
78444
78445
79553
79554
79555
79556
79557
79558
79812
80000
80001
80002
80104
80105
80114
80115
80116
80124
80381
80382
80537
80538
80676
80677
80678
80679
80680
80681
80682
80683
80711
80714
80715
80716
80717
80718
80719
80720
80721
80722
80723
80724
80725
80726
80727
80728
80729
80730
80731
80732
80733
80734
80735
80736
80737
80738
80739
80740
80741
80742
80743
80744
80745
80746
80747
80748
80749
80750
80752
80754
80755
80756
80757
80758
80759
80760
80761
80762
80763
80764
80765
80766
80767
80768
80769
80770
80771
80772
80773
80774
80775
80776
80777
80778
80779
80780
80781
80782
80783
80784
80785
80786
80787
80788
80789
80790
80791
80792
80793
80794
80795
80796
80797
80798
80799
80800
80945
80946
80947
80948
81141
81382
81383
81384
81385
81412
81413
81414
81415
81416
81417
81418
81419
81420
81421
81422
81423
81424
81466
81467
81468
81469
81470
81471
81472
81473
81474
81475
81476
81477
81478
81479
81480
81481
81482
81483
81504
81505
81506
81507
81508
81509
81510
81511
81512
81518
81587
81588
81589
81615
81628
81629
81630
82478
82479
82480
82481
82482
82483
83090
83091
83092
83093
83094
83095
83496
83497
83498
83610
83611
83612
83613
83934
83935
83936
83937
83938
83939
83947
83948
83960
84344
84345
84346
84347
84348
84349
84350
84351
84352
84353
84354
84355
84358
84359
84360
84361
84362
84363
84364
84365
84366
84367
84368
84369
84370
84371
84372
84373
84374
84375
84383
84384
84385
84386
84387
84388
84389
84390
84391
84392
84393
84394
84395
84396
84397
84398
84399
84400
84422
84423
84670
84838
84839
84856
84857
84885
84886
84893
84894
85180
85181
85182
85183
85184
85194
85195
85196
85197
85198
85199
85200
85232
85233
85344
85386
85387
85388
85389
85390
85391
85392
85393
85394
85395
85406
85407
85408
85678
85679
85680
85681
85760
85761
85762
85763
85764
85765
85766
85767
85814
85815
85816
85817
85818
85819
85820
86005
86006
86007
86008
86009
86010
86011
86112
86223
86224
86225
86226
86227
86228
86229
86230
86408
86409
86763
86768
86769
86770
86771
86772
86773
86774
86775
86776
86934
86935
86936
87072
87087
87088
87089
87090
87091
87092
87093
87094
87095
87096
87097
87098
87099
87100
87101
87102
87103
87104
87105
87106
87107
87108
87109
87110
87111
87112
87113
87114
87115
87116
87117
87118
87119
87120
87121
87122
87123
87124
87125
87126
87127
87128
87129
87148
87149
87150
87151
87152
87159
87160
87161
87162
87168
87169
87170
87171
87172
87191
87192
87193
87212
87213
87460
87461
87505
87506
87507
87508
87509
87510
87511
87512
87513
87663
87664
87665
87806
87807
87808
87812
87813
87817
87818
87908
87909
87919
87975
87976
87977
87979
87980
87981
88085
88086
88101
88102
88103
88489
88490
88491
88492
88493
88617
88618
88619
88620
88624
88625
88626
88627
88628
88629
88630
88631
88632
88633
88634
88635
88636
88637
88638
88639
88640
88641
88642
88643
88644
88645
88646
88647
88648
88649
88650
88651
88652
88653
88654
88655
88656
89107
89330
89331
89332
89396
89397
89398
89399
89400
89406
89421
89422
89423
89424
89425
89426
89427
89428
89429
89430
89431
89432
89433
89436
89455
89456
89457
89458
89459
89460
89461
89483
89484
89485
89486
89487
89488
89511
89512
89537
89538
89539
89540
89541
89542
89543
89544
89545
89546
89547
89548
89549
89550
89551
89552
89553
89554
89555
89556
89557
89558
89559
89560
89561
89562
89563
89564
89565
89566
89567
89568
89569
89570
89571
89572
89573
89574
89575
89576
89577
89578
89579
89580
89605
89606
89607
89608
89609
89610
89611
89612
89613
89614
89615
89616
89617
89618
89619
89620
89621
89622
89623
89624
89625
89626
89627
89628
89629
89630
89631
89632
89633
89634
89635
89636
89637
89638
89639
89640
89641
89642
89643
89644
89645
89646
89647
89648
89649
89650
89651
89652
89653
89654
89655
89656
89657
89658
89659
89660
89661
89662
89663
89664
89665
89666
89667
89668
89669
89670
89671
89672
89673
89674
89675
89676
89677
89678
89679
89680
89681
89682
89683
89684
89685
89686
89687
89688
89689
89690
89691
89692
89693
89694
89695
89696
89697
89698
89699
89700
89701
89702
89703
89704
89705
89706
89707
89708
89709
89710
89711
89712
89713
89714
89717
89718
89719
89720
89721
89722
89723
89724
89725
89726
89727
89728
89729
89730
89731
89732
89733
89734
89735
89736
89737
89738
89739
89740
89741
89742
89743
89744
89745
89746
89747
89748
89749
89750
89751
89752
89753
89754
89755
89756
89757
89758
89759
89760
89761
89762
89763
89764
89765
89766
89767
89768
89769
89770
89771
89772
89773
89774
89775
89776
89777
89778
89817
89920
89921
89922
89923
89926
89927
89928
89934
89935
89965
89966
89967
89968
89969
89970
89971
89972
89973
89974
89975
89976
89977
89978
89979
89980
89981
90186
90193
90194
90195
90196
90197
90198
90199
90200
90201
90202
90203
90204
90205
90206
90207
90208
90209
90236
90237
90238
90239
90260
90417
90418
90419
90420
90690
90691
90692
90693
90694
90695
90696
90935
90936
91209
91495
91496
91497
91498
91558
91559
91560
91561
91562
91573
91574
91575
91577
91578
91579
91649
91650
91706
91707
91708
91709
91710
91711
91712
91713
91714
91715
91716
91768
91769
91779
91780
91781
91782
91783
91809
91810
91811
91812
91813
91814
91820
91821
92198
92199
92236
94093
94094
94095
94096
94097
94098
94099
94169
94170
94171
94172
94173
94174
94175
94176
94177
94178
94179
94180
94181
94182
94183
94184
94288
94289
94290
94291
94292
94293
94294
94295
94296
94297
94298
94299
94335
94336
94394
94395
94396
94397
94398
94399
94400
94408
94433
94434
94435
94436
94437
94438
94439
94442
94443
94738
94739
94752
94809
94810
94811
94812
94813
94814
94815
94816
94912
94913
94914
94915
94916
94917
94918
94919
94922
94923
94924
94925
94929
95225
95226
95227
95228
95229
95230
95231
95232
95233
95234
95235
95236
95237
95238
95728
95729
95730
95731
95732
95733
95734
95735
95736
95737
95738
95739
95740
95741
95742
95886
95887
95888
95889
95890
95891
95892
95893
95894
95895
95896
95897
95898
95899
95900
95901
95902
95903
95904
95907
95908
95909
95910
95911
95912
95913
95914
95915
95936
95937
96105
96106
96143
96144
96145
96170
96171
96172
96173
96174
96288
96289
96290
96291
96300
96323
96324
96348
96349
96350
96352
96353
96354
96355
96356
96357
96358
96854
96855
96856
96857
96858
96859
96931
96932
96933
96934
96935
96936
96937
96938
96939
96940
96941
96942
97459
97460
97461
97462
97463
97464
97465
97466
97467
97468
97469
97470
97473
97474
97475
97476
97477
97478
97484
97509
97510
97511
97512
97513
97514
97515
97516
97517
97518
97519
97520
97521
97522
97523
97524
97525
97526
97527
97528
97529
97530
97531
97532
97533
97534
97535
97536
97537
97538
97539
97540
97541
97542
97543
97544
97545
97546
97547
97548
97726
97727
97728
97729
97730
97731
97732
97733
97734
97830
98168
98170
98171
98172
98173
98175
98211
98213
98214
98215
98260
98292
98293
98294
98295
98377
98378
98379
98380
98381
98382
98413
98414
98438
98483
98486
98489
98490
98491
98492
98493
98529
98927
98928
98929
98930
98931
98932
98933
98934
98935
98936
98937
98938
98939
98940
98941
98942
98943
98944
98945
98946
98947
98948
98949
99045
99046
99047
99110
99111
99112
99113
99125
99126
99127
99128
99129
99130
99380
99381
99382
99383
99384
99385
99468
99572
99573
99574
99746
99747
99748
99749
99750
99751
99752
99753
99754
99755
100023
100024
100025
100026
100027
100028
100029
100030
100031
100032
100033
100036
100037
100038
100039
100040
100041
100042
100043
100044
100045
100046
100047
100048
100049
100050
100051
100052
100053
100054
100055
100056
100057
100058
100059
100060
100061
100062
100063
100065
100066
100067
100068
100111
100112
100156
100157
100233
100234
100235
100237
100416
100520
100521
100522
100523
100524
100525
100526
100527
100528
100529
100530
100531
100532
100533
100534
100535
100536
100571
100572
100573
100574
100575
100576
100577
100578
100579
100580
100581
100582
100583
100584
100585
100586
100587
100588
100589
100590
100591
100707
100813
100878
100879
100882
100883
100884
100885
100886
100887
100888
100889
100890
101065
101142
101196
101197
101198
101199
101200
101201
101202
101249
101250
101251
101252
101253
101254
101255
101256
101257
101258
101259
101260
101583
101584
101585
101586
101587
101588
101589
101590
101591
101592
101681
101682
101683
101685
101686
101687
101688
101689
101690
101691
101692
101693
101694
101695
101696
101697
101698
101699
101700
101701
101858
101859
101860
101861
101862
101863
101864
101865
101866
101867
101868
101869
101870
101871
101872
101877
101878
101879
101880
101881
101882
101883
101884
101885
101886
101887
101888
101889
101890
102020
102293
102294
102318
102319
102320
102347
102348
102349
102350
102351
102352
102353
102354
102355
102356
102357
102358
102359
102360
102361
102362
102363
102364
102365
102386
102554
102555
102576
102577
102578
102624
102625
102626
102627
102628
102629
102630
102631
102632
102636
102637
102638
102639
102640
102641
102642
102643
102644
102645
102646
102647
102678
102679
102680
102681
102682
102683
102684
102685
102686
102687
102710
102711
102712
102713
102714
102715
102716
102717
102718
102721
102722
102723
102724
102725
102726
102727
102728
102729
102730
102731
102732
102733
102734
102735
102736
102737
102738
102739
102740
102741
102742
102743
102744
102974
102975
102976
102977
102978
102979
102980
102981
102986
102987
102988
102989
102990
102991
102992
102993
102994
102995
102996
102997
103058
103059
103060
103061
103062
103063
103064
103065
103066
103067
103583
103584
103598
103599
103600
103601
103602
103626
103627
103628
103629
103630
103857
103858
103859
103860
103861
103862
103974
103975
104130
104278
104279
104280
104281
104314
104315
104345
104350
104385
104407
104408
